230130118064
274120116060
214132116060
214122116040
214178116060
214178116040
298178116042
234166116060
234166116040
234166116040
234166116042
294166116042
294166116040
268166116042
268166116060
268166116060
280178116060
294178116060
294166116060
294166116060
282166116060
294166116060
294166116060
280178116060
280166116060
280166116060
294166116060
280166116042
268166116040
280166116042
252166116040
252166116040
236166116042
236166116042
226166116044
216124116040
192156116044
184178116040
180172116044
192172116042
226172116044
180164116040
192172116044
226172116042
216172116042
216164118042
204172116042
280172116042
184172116042
226172116042
180172116042
180164080042
226164080042
180172094042
192172116042
180172088062
180124088046
192124088046
192164088044
192172088044
206172080046
216164100046
204172100046
182164100046
180172100046
182172100050
180164100044
184172108064
184172096064
200128096064
180172106064
204172106064
286166080064
260166090060
184126110064
188130086044
194120100044
184132090044
196144098042
180172086054
194132094044
180122080044
262130088044
252134090044
182156096044
204120088044
184122082044
184122094044
184154082056
204172096040
184128088052
184130086044
180146082044
184122082044
184120090044
184122080042
184122082052
184122092054
184124084044
254122090044
254120080044
254122088044
254122082044
254122082044
240122084048
280136118046
212178084044
254126090044
184122088044
254120082044
254130090040
254122090042
184122090044
184122088044
254122084044
254122086044
184136084040
184120082040
184122086040
254122090052
184124084042
184122082044
184122080040
184122096044
254122084044
254122080044
232122082040
214128108060
184156092040
184158108056
184128082040
184152080042
184120092040
184122088040
184122080042
184122082040
184122080042
184122118040
184122090040
184122090048
184122084040
184122082044
292122090040
254122092040
184122094040
198124088046
198124088046
186132088046
184122096046
254132100046
232124100046
184132100046
184122100046
214122100046
184122100040
184122100046
186138080064
200144080064
216144096064
180144096064
184122114042
184122112044
184120080044
184122082044
184122112060
184122082044
184122092060
184122084044
184122090044
184122082044
184122090044
208122090044
208156082044
204156090044
184128082044
184122080044
184122098044
184122098044
186122080044
184122084044
184122082044
184122090044
184164080044
184122082044
188124080044
184122082040
184120084042
182122082044
180122080044
184122080040
184122090044
182122080044
182122090040
254120086056
206134116076
220136080044
214122086052
184120088056
184158082056
254134080056
184122080044
184122080044
184122080056
184174094044
184120086040
184120080052
184122084040
184122084044
186122080044
186122080044
184122080040
184122080044
184122086044
184122080040
184122080040
256130080040
254136086058
184122090050
184122086040
184122090044
184122090044
184122084044
184122084040
184122090040
290120088078
270132080078
292170080076
184134088076
184170086076
298150090076
182122080076
274122094074
188120094056
184124094062
184124094046
186124088046
258132086046
258132100046
212122100040
184124100046
184122080040
184122100046
184138100060
184154112044
194124110042
182120112042
198126098042
196120118042
184128112044
184126082044
182126090042
184120082044
182148082044
184148082044
184148082044
184120084044
190120082044
184122082044
184120090042
254178112044
212132082044
208122084044
210120082044
184122092042
250120084044
182120112044
186146112040
182124116040
182124100074
184124108042
182124088044
184124098044
180124098050
184124100050
184150092044
184124100044
184148100050
184122116040
184124114048
184122080056
184124084044
260124080044
204178088044
204120080040
184122084048
184124092048
184124086056
184128086044
182128100040
196128082040
196126118042
182148098042
180122082042
180134104048
182128118042
184130110042
182144084048
182134082048
200152080042
182130108042
188122082040
182124082050
182124108050
184124116042
192168082052
254148082044
192148116050
182132082074
182140116042
184140108048
182148082042
180124112056
186128082046
214130118048
180120108048
190124100056
202122100056
192122112044
182130082048
214132084048
220142118048
238140118046
234130110046
180124080042
184146110044
184126082052
180120086052
210126100046
182146080046
184124100046
192124080044
180122100046
236120118044
236132116044
232120098044
232122110044
198132110044
196120108044
180128116042
182124116048
182124096048
182124106048
214126088048
184126088048
232138118040
236138108040
240120080040
184120080040
182120080040
276120090040
256122110040
254120080040
180120090040
182122092040
184122092040
234122092040
228122092040
184144092040
186134082052
196134082052
186124094052
198136084052
200136116052
180126084052
180128084052
180128084052
180148116052
198148080060
198130080060
198128080060
180132080052
186124080044
186170080044
182148086044
192148082044
248132112044
216124080044
230148116044
230130116054
230140118060
184146082040
212146080044
194148082044
186150082052
184170080044
182168080044
184174080044
208134118042
184160118040
220124110044
232130112042
182150090042
186164086040
202144086040
182146116070
192172080040
182136118040
206156116078
206178116046
250164094040
236166108056
180162118070
250162100070
208144094044
182150084068
238122100044
198126112066
236150084068
220136116066
188152116066
232120116068
232120108064
234124118072
182148088040
188130088062
184148088062
208124096046
202128082068
204128100040
292136102040
198120080078
234120118064
238142110070
244178118072
216130100074
282146118042
186122082040
194124112042
196120084042
294130096042
186120082044
242162082052
252144088044
232160112044
238122118044
206138118044
204140080044
186176090048
200122094042
264172084044
200150086044
292126094044
194130104044
234136100044
184172108040
228122112040
214134118066
194128102044
194122080040
190124082040
182124082050
184126116042
242122098054
250120112044
234122116052
190122108042
202130080040
202132094062
232130118068
282122108062
200166116046
262132118066
250120108044
198134096068
240120118044
194120118044
200122104040
254164080044
190120106064
180128118046
184148118050
216122080040
200124116040
180146118048
184120082044
184126082044
184148082044
202126118044
196138082042
190126082042
224132082048
184144114048
190144112040
180148098048
184142116050
184134108042
254122108050
184142080052
206124116050
200148080050
186124084050
190148108040
198124108042
182124112044
184128082046
214130118048
180120108048
180124112056
180134100056
246134080056
186130112044
212130082048
200130116048
184122118060
184120100040
180128110042
184132080044
180144116044
242120108054
180124112056
180124112056
180136110056
180136112056
180136112056
254136112054
256148112044
190128114042
208148104044
194120104044
180120104044
184134098042
242128098042
194128098042
194128098042
190120104042
194134118042
184148080042
180120088042
194148080042
194120112042
234120118042
184178098042
236126080042
182128112042
184126112042
184126084042
182126112042
184126084042
184126084042
182126084042
184126084042
184128084042
184142084042
184128084042
184126084042
184128084042
240128084042
184128084042
184128084042
184128114042
242128114042
184128114042
242128100042
242128100042
180128100042
228128100042
228128100042
242128100042
242128100042
214128100056
214128100056
214128100056
228128100042
214128100056
214128100042
214128114056
214128084042
184128100042
184128084042
184126098042
182126098042
182126098042
180126098042
180138096042
180138096040
184122096040
256122114040
204120100040
184128114040
184120088040
254126106040
254124086040
196152112040
218178084044
204144096044
198178090046
180132098040
180122112042
184126088040
184130090040
184148090042
184134112040
184142110042
184126084042
182144108046
192124082062
186134094046
184132088046
192132094046
268132094040
204132100040
184132080050
184134100046
184132080050
184132100040
192132094040
282124100040
212130096040
180124110042
180124096042
184122096042
184146110044
184146118044
222124082044
184132096044
214146086044
284132086044
180122080044
184130090044
184136118044
184122084044
256150092044
186148082044
260128082044
184158090044
264128080044
292130112070
222130096044
266166088048
188142118046
180144080048
180122082040
180122082040
186122082050
200122080044
188130082040
184122080048
254142082040
254130090040
254122080040
254120114040
254128114048
254122080044
254146082048
254124086040
254158098050
188120096040
226166086044
212156102040
182132102042
266162116054
220142086050
200140080040
188128080040
208130104040
224146114040
184152092058
198154118070
180120084070
184120086042
202162104040
182128094044
180134080052
184142112040
182148098040
184134108042
184142100042
182144100042
266134100044
196140108058
288120108052
188170084048
196148092054
192128080042
190120110042
182136080046
212130118046
190120084048
194130106056
186142082044
184142088056
216126086046
222138088068
182144082048
184152082070
180122080042
182144080044
186148082044
184148082044
222128100046
180144100040
184148100040
184144080046
184132080046
184122080046
184170080042
190162090048
186132110054
188122110044
186132088044
182132086040
180120118040
182134086066
182134086066
182124086066
182126086068
186126088068
186126088068
186128088040
198128088040
180130090040
190130090040
200120100040
182132090040
182132112050
184132082040
218134082052
186134082040
196134082052
198124082052
208136084052
180126084052
200136084052
180126084052
244128084052
182128106054
182128086054
186130110060
180140110060
180130110060
200130110060
188124088044
186124088044
190124106044
186124088044
254124080044
184126080044
182124080044
184124110044
180126080040
184120080040
182120110044
184120080044
186126082044
186126082044
186134082044
184124080044
182152080044
180144112042
184128080042
184130110044
184124086044
184126112042
184144094040
184140110042
186120080042
184122104056
182154098042
184132102042
184136102042
180120092044
182150080040
262130080044
184126090042
184122094040
238142108046
184150094042
184134092040
184122094040
184122082042
184122118042
184122090042
184122080042
184122090042
184122090042
184164096048
202124082046
214134094046
214156102042
266130094062
214132094046
210160100050
182134080040
184132100076
184132094040
184132094046
184132094040
184128106064
214128110042
296132102042
230156104064
296158112064
228130112044
184126114044
184124082044
184148086044
184148112044
254126102044
254156098044
184174082044
184160112056
210156090042
224126118042
182124116046
182128114054
218130116042
250146118044
222148118074
194134118044
192134118074
194120118044
194120118054
188120108054
186120106040
182130118040
182120102040
182128086066
268120086066
214134092040
224120094040
224132102044
260120106042
262126084042
180130110040
270120110040
194120110040
206164092040
274152080044
188172084044
226140098060
224120110060
284120080078
184138080078
258122100044
240130094044
266128090044
238150110046
288160098072
200146116052
234128116052
210128116042
262134090042
232134092040
248126082040
238128082040
200138082040
182122116040
206124090040
206124082040
202122080040
196134118040
192126114042
184146108072
198138104070
186126094062
198170116058
196140112056
196140112040
180136084040
182132102040
184122102040
180126106052
200136084042
186134082040
180134092040
182126082040
182146084040
202152080040
184130100040
184126082040
180130090040
182132112040
180136116042
180136116042
200124082040
222122084040
224136082040
180120090040
250120090040
230120090040
190120102040
184164114040
210146112044
182130114044
194124114044
182124088078
186132084044
182126094044
180124092044
180154086044
250120092040
182164096040
180126084040
188174094040
182148096044
186140082044
188156082044
230140080044
228132100042
188162094040
188120118040
230176104042
188122100042
188126082044
250156082044
250174082044
250172084044
186178116044
250174094044
190176116044
184124102070
188120086050
268152090044
182164086044
222120090046
198178086044
250178118042
240164084044
186164080044
250120090044
180120116046
248148082058
190126114044
268134106046
218124118044
204138092044
188120086044
204128116042
206174090060
204148112046
190142116044
196126108040
198122096058
206122118046
186144112040
186128110042
180148104042
252124084042
230124092042
194128082042
210142090046
180178090048
228158090042
246122080044
232134090042
182138090072
226132082058
254132100042
188122080046
182124084044
230148100064
202144082044
194128086044
192120102040
188120082040
202120088044
224130086044
180136086078
180128090072
184120086042
180140080050
204130094060
206120086044
198130082042
272130082042
284122082046
260122086050
246134082042
212130082046
240148084044
180150086048
220142102048
230164098054
216164116050
230164098066
250166098050
250152100066
250178100044
250150116046
250178088040
212158088042
212142088042
230124088052
212140080072
212124088042
212134094052
232124106066
250160088072
180162090072
198126108054
180160090072
212142088058
210122086072
196142080042
250140094048
250124088052
188156090052
250174106052
180166080046
180178082040
188120092056
212120116040
208120094040
264132118040
250178116044
250178110040
272178092052
270178096052
188146086042
188140082042
196126084040
212140110040
194156096042
242154086048
194138112078
190130108076
214136108078
218158118078
218138118078
196138118058
198158118058
198158098058
198178080058
198166104052
226122088052
210122088070
188122104052
208124088070
228166104062
208166104040
186166104042
208146104042
188166104052
250166082042
188146104052
188146104042
188146084042
250146104042
188146084042
250126104042
272126088052
250146088062
248124102062
186166102062
212170084042
196146080074
222148080050
272124098074
222122098040
258156104040
182156084040
182130106042
182130104052
210130104078
184130104070
184132088070
190154094042
218156094062
216166092062
184122084060
216122104062
216154092062
218156094062
186156092062
186156094074
188156094062
188156094064
188156094062
188156094062
188126094074
188156094062
188126094074
188126100074
188126100074
190174100074
190126100074
190126104074
190126100070
252158094050
188126094074
188126094062
190158094074
252126094042
190126100062
216154092050
188156094042
186156100042
216154092062
194166118046
278136112070
196168098040
194164094046
196122094062
244124104042
196122094040
196148098042
196146082048
180146084042
194130080076
202132102060
186146094042
188146092042
248144092042
186166088052
186144092052
186144088052
226124102070
184164088062
226138102060
208120098040
186130090042
282124082076
186138080048
184134084042
184128080054
202176090078
210148084048
184120102044
220122094042
230164080044
184120086046
184176102044
190120096040
204120082048
268124080042
242126096056
264136084062
180132082062
232124082044
230172118048
180172116058
188120118056
186120084056
190178112046
192156090042
192154094044
188154108072
194156088078
244144114078
244154084078
244176088078
264154084040
264154112042
214138086074
198178090054
244178112054
226166082042
188146104042
188146104062
188126104062
188178094042
186126094042
228178104062
180168104060
198152094062
234126090054
186136118066
218158082058
218158118078
218138098050
198158080078
218158098078
186138080078
186158098050
192140080058
212142088070
186160080074
180124080052
250178118052
250174116058
250164084058
186120088066
186174094070
186174118052
186174084066
208120084042
226120084048
268126090046
254168094046
250150094046
250164118040
272164084066
250174118068
272120118070
188178092040
210164094042
250130086040
212150084040
188126086072
194122086042
196122094040
272148084042
248124098050
272148094046
224150098074
200170106042
196124084042
198126094040
212160092046
212170088042
214128086052
254162082046
208162092058
210162116078
210140092046
256140116070
186120092040
186126092060
268166088042
250146088052
186166082042
250146088042
250146104042
250124088042
210126106052
212170084052
186170088052
186146082052
186126104042
188128092052
186124082044
252120084044
186136118044
192122080052
192122104044
192122104072
280122104052
194140088042
186140086044
250132094044
250122090042
248126094042
188126094046
250140094042
250140094078
188142094078
188126094078
256126094042
208124094044
220128094052
210130094046
184164094078
182124094048
250134094078
180120086040
180148086078
184130094078
252130094040
208158094040
190160094046
208126098052
210142094074
186152096054
250142096054
186162094052
184128098052
182120094048
182130080048
184132118048
186172104048
186172094048
186120094050
254126096052
204146094050
256134094050
184122086052
184172092066
184172104054
184132118078
184172092078
184132080046
196120096066
236124096066
218132092050
212120104052
184140094044
188164094044
202142094046
186120110044
186124110046
188172094046
188122090044
188140094044
188140094046
188140094062
188140094048
188140094042
188140094062
188140110078
188140094062
188172094078
188126092078
188126092078
202126094078
272126094046
212142094046
220164094048
228142094042
182128094046
250172094064
268164094066
250164106070
268172094046
186126094078
186140094046
188142094042
186142094046
268126094078
188126094048
286120096060
180124082042
268150082066
216150082050
216166116070
182166100046
198166082066
248166116056
186120080066
212160088052
182146090052
180144090044
180126090040
250162088060
228122082040
216178116072
212150102058
188174090070
250150090052
266150094052
228152096052
250168094052
250178080052
250164094040
182172086042
206178080040
180172092044
186172100042
180176092042
194176102048
278138100044
182122092050
206128082048
202168092070
228168090050
232122094044
250124094040
184132084040
186126100050
180120092070
184160104052
188178104054
262136082060
188166082042
210146104042
188168084042
186120094062
186168082042
188164082062
188172104042
208162092046
188164094040
258120094040
248126094040
238132080052
238132080078
184158084040
212132104052
186126080052
182130080062
186144086042
186144084042
186130104078
188130104042
210124084042
218124084044
186170082062
186146104048
212140094042
184122092046
226140112048
188146084048
188132088042
230146084042
188146084042
230124086042
230130088046
212142088052
230124088040
194140088052
188142090052
250124088052
188166104062
188126104042
274126088044
254168084052
210168106052
250178104054
250164084052
250126082062
186120084070
186146084050
250172090040
250140088070
250126088052
186178090074
250178118052
188126088042
274168088062
274126088052
274126088052
232170088052
212128088052
190124086062
232162092058
234164116040
258140094040
186138116040
232140094040
186140094040
258140118040
194170094040
194170098042
196126102072
206170102040
270146082042
190122104062
200124088042
216142088070
218170102040
216168102040
214122102048
212140094046
212164094070
218126094046
194136084044
184162116048
276138092046
184162096068
214162098068
214138098040
184138092040
184138080060
226124102062
184124102062
288164102062
184164102062
184164088062
240124080048
190124082050
248124088048
278122088048
226138080050
226134080048
190120104050
202132100050
204154092050
250122094050
192120104052
250120104052
228140114052
250140088062
194140088044
196140088070
200176100042
184140086042
228122094040
184142088070
248142084070
228140088046
192158088052
226122104046
192122086052
212160088070
212160088044
228140088078
192158086052
264142088062
204124088070
212124088078
190178088052
184124092054
186142094062
188140092046
204140094062
188140094062
188126094078
204126094078
186172094078
184172118052
212130100040
226160094040
240160080052
186146092066
212132094052
250132080066
182130104052
230120080052
250172088050
250150094050
250150092048
250172080046
186174082044
186174090050
220174080048
182172114040
192120114048
212136094042
250172096044
188132116048
188178092046
248140100048
250122114050
250174090050
186120092068
182174094054
248168118076
248174094048
184120094052
188154084046
182150092040
182150090044
210150082046
196146088040
180174084044
250120100042
228120086042
226140092050
242126084040
198126090054
240128090046
202128114040
254156090072
258148096042
228124096046
230158106046
192122088052
208128104042
190126086052
210150094052
234126084052
192158088042
192128106062
192126084052
204126110076
226124102060
226164102062
270140104062
228144104042
206166104062
230126104042
190126082062
194126080062
226144102042
228122082042
252124104062
250162080074
218164118048
200150082066
248158102060
180160080060
218140118060
182134100060
200134100040
258132080044
272132096052
192176080058
188136116058
186120104060
180134082058
180160088066
180178082040
208134082044
192132082058
188132082066
214132082066
180132114042
212126082066
252126088042
208126090044
208126084042
250166084042
210126086042
210126084044
210132084042
292132088044
210126084044
208126086042
210126084042
212128086042
210124084042
210124084042
210168084044
212168086042
180170088044
288146092042
288160086042
286170114042
288172114058
284170114058
286166114056
286170110058
258126114050
286148086042
282170084042
290170106042
290170106042
192170106042
288156110042
282156112042
252168112056
282168112056
226170112056
282170112056
254170112056
260162080040
260158096048
258156094040
230164080040
254158094048
288162096064
288172096048
286170098042
286172084050
288172100042
286168102042
286172102042
286170100068
226128096064
194174104068
278174104068
194162096064
192160096064
220126094062
234146116058
198170114056
202144114056
202144116058
258172086056
260170086056
258128086042
214172086042
214172086042
216172086042
216172086042
262174086044
280130092048
192126110048
298148098042
290126100050
288148100050
296148100050
260154102064
194148102048
288148098040
290152102050
286148098042
286148100050
206154102050
248148100050
202148102050
206154102050
252150100050
204154102050
256154102050
288172114056
286170114056
286170112056
258154114042
258154102042
258154096050
182154092046
180134096044
180134080044
182136080042
182138080046
222178090044
180134088044
278138092046
182178092044
182134090044
184138090046
222176090044
182136092044
184138092046
182178088044
182138092044
182136090044
180178088044
182136090046
182138090046
224178090044
182136090044
182136090046
180136090044
180136090044
292178090042
286178094042
286176088044
288130088044
286134088044
264174086044
260174086044
266176086044
264176086044
184138086046
182176086044
218176088044
262174088044
262174088044
194154116076
188152114076
194154116078
194154116076
192154114076
192154116076
232144086076
228170114056
286146116058
288144086058
286172086056
290144086058
286170102066
290170102068
284170100066
286172102068
286170102068
290170102068
290170102068
254126100068
190126094068
190128102068
192160104062
192128096064
202144116058
196144116056
194140084040
204146116058
198142114056
256170114056
282170084040
284162080040
200160080040
240160080040
240160080040
240160080040
240120080040
242120080040
288122080040
288172080042
288168084042
286168084042
288128086042
288128080042
286128080040
286128084040
286166084042
288126084042
284174086042
284168086042
286170086042
286128086042
286126084040
284124086040
284126086042
286126086042
284128090042
268178084044
224178110044
268178088044
224178090044
180154090044
284134090044
290172090064
258172084040
284126084042
286170084042
260130086042
286128086042
290128084042
286174086042
284170084042
288168084042
298130084062
298130086042
290150086042
290144082062
288162080054
290162080054
290162108054
290126096064
284126096064
276128096064
284128114074
226150112076
188150114076
190152114076
268152114076
256134090044
252134088044
224134090044
252134090044
252134090044
252152100050
252152100050
180136090044
180136090050
204152102050
228152090046
226136102050
204152102050
268138090044
238136090044
264152090050
238152102050
180136090044
238152100050
228150100050
226134090044
228152100050
228152100050
226136090044
214152100050
214152102050
214138102044
214128084042
214130086042
214130096042
214126084042
214128084042
214130086042
214130086042
214126084042
214128084042
216130086042
214130086042
214130084042
214128084042
214130086042
216130084042
258126084042
260128086042
216130082042
260128084042
286120084044
292126084042
186140092048
186140094046
286140104054
288168116056
288172116056
286170114056
198170114056
286170114054
286142114056
288142084056
288168112056
292170114056
288174116058
286172114056
286170114056
288170112058
288172116056
286170114058
288168114058
290174114056
258168112058
292120080066
192128094064
192128080064
192128094064
192128106064
192128092064
192128094064
286128114042
288172114050
288142110042
232174114056
288170114056
224120112056
298154080078
286174114064
256126110056
192172116056
192128116064
282172112056
192174112056
192170114058
192128110058
214128112056
192166114056
230164112064
190128116056
214128116056
214128116058
214170116056
214126116056
214170116056
214128116064
214126116056
214170116064
214170116048
214128116064
214128116056
214166116064
214128116064
210128116056
286154104068
210126090056
270142112048
296160104060
256170096042
226136116042
194154088048
184132086040
242158086042
190140096056
204146110042
208128116042
262144116064
224144116050
292150116046
268126116046
248122110066
232124102040
180120102040
234128096058
180124110054
256122108040
186128098042
192132118044
192134118044
180120104044
182120106044
182120106046
182122080054
188122080054
188120080054
180120080052
182122118054
182154106048
182128088040
184122080040
182124080052
190136084042
180122084052
188120084042
228128088048
198128080050
180130080060
182130080060
180124106044
186124116044
186132088060
186120088044
188130090060
182132088042
228130084044
186126082044
180120082052
180136086046
198136114042
180128106052
180128116052
200126104052
180136084052
200136116040
182138092040
184122112040
184122112040
184122092040
180120110040
184134082040
200136116052
200126106052
188136094052
198126114042
186134092040
184122082040
180132090040
184130084040
184122092040
184132112040
182132090040
200136106052
180138116052
200134082040
184122082040
194122112040
184126090040
200130090040
184122092040
184122112040
192134096040
244136092040
200136114042
200136084052
190134082040
184134082040
202132090040
200120090040
200130090040
202120090040
200120118040
182126116040
190120110042
202130112044
188132080052
274172114042
184148094052
228148110044
228148082044
186174092044
186172086040
184120080040
220126080040
216156080044
282126082044
220126082044
214126080044
182130102044
184122108042
184126112042
182126118042
186136080044
194164082044
202156082044
282140082044
180142082042
204120112044
182126080044
182126082044
186120082044
196134082044
190120104074
194130116048
230142116060
252142080040
298130086044
256126096040
182136084040
222120106040
210146098044
256142100040
194124082042
188124086044
200148108044
182134082044
228146090042
204124092040
212126090040
198126088040
260142082042
202124082040
196166088042
274150084048
228124094060
196128100044
256122090040
228120106040
254126102070
268122082046
204120118054
204138080042
278128084046
186130094046
248128090056
220152080068
190124082070
184178104066
196170080066
210124108052
192128108060
196134114040
196128114050
196122086046
194126104052
198128116046
240128102040
184164080060
210130090046
254164092060
210142090040
220148116060
254136090060
198134096074
194142090066
254134094066
194134116040
194130100042
194134098040
198158100066
194134098040
252168090074
190176090078
212164092066
184146116066
218148098066
190150084066
186164084066
184178084066
184176084066
186176084066
182142084064
194138088052
212122096052
248178088070
248124106052
194124088052
210140088052
188158088072
268122106058
232146104056
188120104068
250132082040
180144092052
184176096052
184158096040
214144104066
274174098074
240136094062
246174108062
236148112060
186132080060
180136092040
184144118052
184158118044
250136092044
184174092052
248120118044
188174080044
186120080052
186120092052
186152084044
248146092066
250172084066
248176118052
194174098056
184172084042
216176080078
180120080040
198138080040
198138080040
218158082040
184178082040
184160080040
182140080040
190126084042
210126104042
188126084042
206124082042
206124084042
190146084042
212126084042
206124082040
206124082040
212128084042
190126084042
206124082040
188124082040
212128084042
190126084042
184124082040
186146082042
210148084042
212148084042
214160086042
212148098042
224174100050
184150100074
184150100074
250150100074
212132106040
212146106052
210126104042
192166104062
212126104062
186168106062
212168106062
252168094056
192158094058
184122098062
250126080062
220126082040
252158082040
188126098040
220158098062
250124082062
220126094062
190158098074
192160094064
286142118062
284166094070
190166094070
190160096042
224160098070
188148098042
248124098062
198174098078
192160092050
190158094062
222146094062
250166098042
218156094062
188160096062
188124094050
246122106050
218156092050
250124092050
250124094062
212156094062
222124082056
224162104044
250138104044
250166084070
196124100062
184146086074
194146082042
194122084074
196148100074
186124098076
180124104062
190124104042
188122092062
210126104042
210126104042
208146084062
188124094052
230126082042
188126082052
188126104062
188156104062
188124104042
196162082060
212174102044
180140106060
186158098062
212158098040
198144098046
184140106046
220146102044
220140106052
186156084062
200142110042
212164114044
222120108044
198166112062
224162098046
226170092046
294168106040
286120084040
206160104060
220164116054
180172116044
196168102076
186174114052
188166080044
240128114042
216124080042
186128090046
190120106042
186174118044
186152084074
186120088066
228148118052
250176082052
212140088050
212124088070
252148088052
194146102040
188126084042
210126084042
212124088050
192142094046
190148084042
188124094042
180124082040
180162096054
188124080040
214176118078
182178118040
196156082040
216138098040
182138098040
236138080040
182120118040
184132118074
196124088052
184176088070
206132112044
180130096048
238138082048
198148094070
184120116052
204170094044
250120116048
204156118060
212134090052
198144092052
198144092052
196144092044
250174092052
250178092052
190174092066
252120084066
212132084066
188132084052
188174090052
188124088070
208124082042
188126104042
232126084042
198124082062
198124100074
226126100074
186164082070
218162082046
276126100076
200126100042
192126082058
190126106042
210126084042
184162092046
186162092046
184162092046
210164092046
212166094046
214166094048
190142094040
190126084042
188126094062
188168084042
188124084042
250146104042
284134084042
206144084042
204144084042
208146084042
210148082040
180148104042
296148106042
222148086042
224148112042
184148084040
184140082040
224132092040
288158092040
218140118052
210142102040
198132114052
200120092050
240176088044
192152094046
220152082050
214176082046
212172092046
186174094050
184120094056
184148094042
190152092042
220120094052
238152094042
182176118076
192166094058
182164096056
298166116056
200166116050
182166084066
192142088040
284142088040
194142088040
180124088052
214124088070
238150106072
224126112070
226130094074
226132112076
186168112050
186150094050
186174094056
186150094056
186120094050
186150094050
182150094046
212122082046
188166110048
188166082042
188146084042
188168082042
196132084040
240132110078
242132110066
242132110078
242132088040
220154098078
250174082078
208124098042
184156084042
186162092042
210126084046
192150092046
186178094046
186126092046
186148084056
186174084046
186124082046
208124084042
208146084042
186150084042
190168082046
208140088056
218170088066
194170098048
220170098044
222148098044
222148098068
246122092074
182156104066
182164084078
182130104042
250130092046
250156092048
186120092042
248120092042
220150092042
230130102042
216120092056
186120094056
208124082042
208146084066
184132100078
238132084078
184158080046
222142096046
184166102046
250168102070
188168108056
188142108070
212168112056
196130104058
208132084052
184130106052
182130108058
250176108058
250174100052
266150102052
220172102052
250176084054
238176084052
212176084076
240176084076
188176084076
252176084076
250174084076
272176114056
188164114056
186120094048
228150084048
188174084048
220172106054
236172094054
198120106052
198158092052
250144080056
250148084042
250120080042
250146086042
188176084042
184152080056
212176102050
250172102050
184176102050
266124088054
214124088050
214142090050
186124088048
268124082042
186124082042
186120080042
186124080040
186152114042
192152114042
216176080040
232178118078
234158094040
236142094040
188126098042
190126106042
238132106042
250126106062
190146084042
182120090060
184120090060
186124082040
186124104040
188132106042
186132106042
188124104042
246126094042
272124098042
248150100074
214124094072
190142094042
190142094042
236124094042
190126106060
190126106060
190126106052
186124084042
196124106042
196124088042
186176084042
186120090060
180120090060
180120090040
184124082044
208124082042
220150106042
250150106042
250178090042
250124090044
250122080066
192120080040
188140106064
210128106064
214124088064
214124088044
212122090076
216126090044
186124080062
188126080042
208126084042
210126084042
210126084042
210126090042
212126084042
212126084042
212164094046
212166098046
236148118058
190142118078
214166118050
214142080072
190138094072
216148092074
226176088074
226142100074
226124094074
226176100076
228124094076
226164096076
216144096072
218146096072
222148098074
224174094074
226176100074
226176100076
228178102076
202142098070
236142094070
190142094070
190142094058
214142094070
214142096072
216144088072
180120094052
230136104042
210126104042
208146104042
190126084042
210126106042
190128104042
188136094068
212124088078
212124088062
210146088078
186126088078
192140088078
212138088046
230120082052
186146082048
190162082054
250120094042
200126088042
204130094040
284140080048
222158098044
240124090062
210144100052
250140092050
208122096044
210122080078
212144080044
194124084044
210122088044
212142088046
180126108072
180124084052
212124088044
230124090042
180126108042
212124106070
212124084044
180126108044
182150094048
182166092078
202142094078
196156086078
180174086046
190174086078
186126086062
212172118078
212172118066
184172098064
184158118066
212172118066
210170118046
184132104052
182130092064
260120098078
184130082070
186154080040
224128100044
250150090040
250174080042
250150106048
186120100046
184146098046
186152082078
188148082068
186152092072
194122118048
188138108068
186156090042
274130098048
212138096068
234126108062
286144116040
186130094048
242152080042
190174112054
196162116044
182160116074
188160100054
234128094072
218120112046
220120094072
186170084040
204134094054
232176096042
186150094048
186164092046
248152094052
228178092048
192178094048
250152094046
250176094050
216168096040
220170084042
224174086074
218156094062
224160096062
192128096064
224160096062
190128096064
224128096064
190128094064
188150094064
248156092074
188156098062
282124094052
188124094062
188156094052
188158094062
190126094062
188156094070
188126094052
248156092052
220124092052
218126094062
234126116072
256128118058
234156088058
208138118058
240120090060
208120118058
208148118060
268148090060
250120118058
186174116072
238128118060
208136118058
208140118058
268136118042
206178118058
208164118058
208164088058
206148118058
206148118058
234146118058
234156104058
234156102042
212158080078
238132080052
238158088052
212132080052
210132088052
236132104042
182156104052
228158102052
190120080040
186144098052
186132104078
220158082050
252158092048
184132102050
210158080050
186126092044
204150082042
194168080044
218122084076
196144082040
186122094062
248152108060
234128088050
212152084058
260128088066
250120116044
198124118042
194138116046
234164114046
182144082040
192132084064
200130086044
280152112044
234150088048
230142080042
186120092040
230142086046
230128116046
212150084040
240178080046
240140092044
228174088050
182132084044
180120084044
218146090040
198166090046
192120100044
216172088044
188122084044
202148082040
244144084044
198124092042
216146094042
232160090040
214124088042
246164088048
232176088060
246142118040
196128092044
216126088072
216128088046
196120098046
200120104046
292122080046
212166088054
274120100046
212136092046
222160094042
190126082052
206152088046
198142082042
228168112048
244156088060
264124084042
184126106042
212126084052
180120084042
230124084042
198150106060
182154110042
244178090078
290154108060
198174088048
250166088060
240140112060
284150090044
214150088044
212142088070
212142088044
214150090066
240150088066
210150088066
214142112066
214142088070
210150090072
214134090072
210150088066
240134090066
180134108072
240150090066
180150090072
214142118052
214134104044
286134118074
214142102044
180142110070
180142090060
238140088060
238140110066
238156088060
238140110058
238140088058
212140090068
206140088058
206124088066
200140088044
232146088042
262158086058
206156090058
284134088056
194156088044
180134090066
180134090044
202122112044
212132080044
206134108054
208128108048
210130110060
210130110060
210120080060
212120110060
210130080060
210150080060
206130080060
208130080060
206146112060
242130088048
208128108060
210130110060
208128108060
208130110060
210130080060
208120080060
208128080060
184130082060
218130082060
208120112068
196128108052
220132088052
186132106044
186132088044
188158080044
186124080044
186134080046
208128082046
210128080048
224126106048
184126106048
262120082044
250120082044
188120082052
250120082044
188120082044
192126082052
184152112044
252122080062
250176090044
188176116048
250176090044
210130112044
186132080044
182132080044
186166088044
188140104044
216148114044
194152084044
214124080060
212132112040
252130114042
228128108048
186128108060
184126108050
180148108058
258126108058
184130080060
186156118042
222128112040
210120104042
188120116042
192120104042
198140116042
230120100046
222140100042
188140100042
180174100046
248126100052
226140100042
182120098042
244124112052
210140110042
208176088040
244160100042
190120114042
226140080040
194120114040
218128080040
188140100040
290140100040
214134080042
246126080042
294166080042
244178080040
210126092042
206124104046
210124106048
232126108048
208128108050
210130110060
210130080060
210130080060
210130080060
210130080060
240120080060
210130110060
210130110060
208140080046
214126088044
238130080060
186130080060
186120088060
244162102076
184126082044
186164102054
246128084048
222120088064
184172088040
186124088040
200128080048
186120080050
216128116046
218130118048
204132096048
226154084048
202132084048
204120084048
238132084048
204132084048
202130084048
202130084048
216132084048
224128082046
222148084052
200124084052
188132084048
200120084042
250124084042
210128118040
210132098054
222134110056
210132100054
186132110054
186130096042
188128086042
224128084042
210126084052
186130108044
208130110054
186130118042
186128106052
186126106052
186126104042
186124104042
186150104042
184126116042
186134082050
186122084054
186168100044
208146080044
212122112042
194146088052
224136098044
208122084050
188134098044
206140100050
288120092044
284136112066
190126094040
256120112044
250176090044
186172080044
186174080048
192120080044
186122100048
184172094044
186172090078
188172096044
188172096066
250124110044
254138086040
240132114042
242172084050
244150088054
244130110054
256132090046
224132090044
192122088044
194142090044
192122090044
180124090044
182124090044
250120090044
250150104044
190178104044
186120104044
216128112044
290156092044
288140100044
194124098044
258122114054
210122108054
218122094054
268166088060
208120118044
224120104074
224120104044
224120118044
224120104044
226122106046
198122106060
258122108054
268122110054
258122082054
204120108054
222148104044
210120104060
210120106060
210120090044
188120088044
214120106060
198120106060
218122108054
194136108054
196122088054
216174088044
198140082070
194174084072
212122102074
208170096078
238172082044
196124100074
230136084052
210124106052
250124106052
252134116050
192148082050
242142114042
210126112056
210126112056
284142114056
260130116042
260130086042
234146116044
230132102044
208134104044
210120104044
204120106060
180120106044
210130082048
222130096048
238132096048
184130106048
186120082048
186142082048
204148106048
198130080040
206142082040
210126104052
250124104052
186120080050
186124104052
184120102042
186120118052
186120106042
190160104040
186120094040
208120086052
182122104044
204124080052
250174080044
252136106042
192164100040
194128096070
186130116040
192174088040
216138090076
202128088078
236146088040
220120080040
206144082040
254122102040
180120100040
236122080040
186142108058
184138086054
184126100040
184130084042
204120084042
182122090070
244122088040
208156082044
184128100050
242126106048
208128088048
208130080060
220130080060
208128080060
208128080060
208130080060
192132112060
222126118044
210120090044
208120082052
210130090044
212124106052
186120096044
246158090044
230120082044
232134118052
190140094040
222130080052
222152080040
188128080040
182124088044
250134118044
208120096044
190132088044
216160112044
258128084044
198138104052
208138104052
184156080044
188176102044
188168106044
204170102044
250122090042
250126100044
234146088044
194122112044
184122090044
198130112078
186178088078
220122084062
238124106068
252128080044
260126106044
222122092052
224122096040
182122096044
186124088044
198122116044
204122080044
196124080044
220144094044
186142082052
216142104044
206158082044
186124084040
186146092040
192132088044
202122088044
186122118040
288172088044
246152114044
198170090044
186122088044
182128118044
192128090044
250124094044
186144080044
248122088044
212124110044
186128088040
198158082044
248124106044
198168118044
242176106044
190158112044
248130080044
186122112044
210132114044
186132106044
234132080044
182122112044
252172082044
250144088044
248134080044
214144106042
230160088054
184150094046
186134086042
188132102040
194130088062
194156112046
180130080050
200140098044
240120116040
206130086046
252122094044
292144094062
224172096062
190154112060
188130100040
254170100040
230120118066
222130084068
254174110060
194144116076
182146098066
198160096064
192172110056
202150094042
208150104056
262164102042
296136102044
190134092048
184128096042
252136088056
194152092040
242134082058
184128102076
200122086044
222120084044
184132082040
190128082046
254142100056
254120092042
254142082044
254128084046
254122092044
204128082062
226140080072
220124084050
194164118050
200124088064
232178084048
224150080054
254132102040
218120094052
202148106042
198144094042
190158108044
260138082044
228122116044
250140088044
204128096044
206158118044
272132082040
284144106044
272150110058
284170098044
288122092044
230134088044
266132088042
284166084042
262166084042
284156116042
282152086044
180154096040
214152096044
192150110064
180150104050
276140092070
218154086046
218122082068
184128098066
202144096052
184142084050
190160088050
198128094056
212142108054
294130092054
206158086076
192134096042
192140096044
192144102042
184148086074
286154094046
192146114040
244130094070
272146098062
208152116044
202146112042
258162108046
200146100042
188148082040
194122102050
188120080050
204164114042
202120082042
180122084050
214120084060
196144086044
212136100042
188132082040
214122082062
184122098052
226162092046
230126104044
232138080048
192128086046
196176094044
262150088044
254122110066
258126090042
240122090062
232174090062
224126080062
204154086054
184120092042
192126082042
192120092062
228132090040
204158102042
180146084042
198126086042
192136080042
254120104042
180124082054
184124080042
182160082062
232146098062
266146104062
242168084042
244128106042
234126084042
254120108042
182120104042
182162086042
202128100042
240168084042
180124086042
232146084042
186120100040
180140080040
228120080040
218130110054
220124086064
262124088070
254124088054
204168090058
204132088058
204134088044
254132080058
254132096040
254142080040
212120080040
246120104060
240120104060
264120104060
236120104060
184134088060
184134104060
184128104060
184134104058
184122090044
184138088044
184146084042
186122080042
184144090040
184126100042
272160088048
184120090040
256134080040
204164086048
254124080042
254122088040
184122080042
184122090042
184122090042
184134080042
252120108048
200152090042
208162084074
184150086060
208174080040
190130086054
270134088050
196156088050
194160110050
188172096074
188138084048
220140086062
192164094062
198152098056
200176082056
182150082060
212134082040
228156090046
188176100044
196130088050
182122102052
278142114048
196160102046
182162096064
192138094042
180152096042
220150086056
184148086044
184128094044
192150112044
200160092058
196156090044
208156106044
192176094048
198142098052
198172098064
200146102044
202174100052
196154102048
216160098064
202162100042
194124088044
180148090044
220126118044
256140080044
204140084050
184134084050
182134084050
182138084050
184122088052
184124088070
184124088052
184122088052
184122084050
184122082050
190136094050
184128102072
182120098072
184138100044
254142092040
254156088042
204122094054
204122090044
204126080044
254122084040
184122084044
182178088040
218136106042
182122094040
230148100042
188124082042
184122084044
184134088044
180122088044
184122082074
192120116044
252136088044
206138088062
184126094070
182146094050
228140084050
276134082066
220134084050
256124084050
204124088052
196124088052
252122084054
298122084050
252122082050
254122082054
242120086058
218120094046
210140094058
204122094046
296140094046
210122088066
214132088044
184132088044
184122088044
184122094044
270172100044
230172100040
230132080046
194172100046
268130100052
212122080046
228128086066
184122106066
184130080044
272136100050
230134096066
200146080070
268124080044
192126090060
262120090060
284148088060
232120090058
188128088058
180140084056
198140084056
196140084056
190140084042
182176084042
190140084042
210126084042
188122084042
182134086056
182142104042
244142092042
266140082070
266140094070
214142084070
198142112070
244142084070
198140084070
214142106072
286142080070
214178106072
250142084070
180142094070
216142084072
198144108070
180142116072
214142084072
214142084072
214142108072
214144084070
214142084072
250142084072
214142084072
198142112070
214142084070
210140116056
196140112056
208140084056
278140092052
278138092056
196138116068
254162114068
182138114068
184140090056
194138096046
206138084044
182138096056
182126084056
196136092056
216138084056
182126096056
196132090056
186140094056
180122094056
184120090056
188120084056
194140082056
198126080056
180122084056
180124084056
206120084056
220124084056
180122082056
282140084056
190142084056
258122084056
180140084056
254140084056
198140084056
254140084056
192140084056
254140084056
254140084056
182142084056
254140094056
182140084056
180132084042
186142084042
204142080056
254122084056
180132084046
210132084056
254132100056
254132084056
180144102042
180144084042
180122096042
190132080042
184126084040
184120086044
222122088044
184120088060
254148084044
190122090044
184144090044
182122080044
184122098044
184148090044
212122090044
266122090044
256146090044
204156090044
204148082044
254122090044
254122084044
194120108044
188138106044
200122084050
184134084050
224128084050
244150084050
208120088052
182126088070
184122088052
184124082040
184122084050
184122082052
196122096066
184122082044
184122090052
186124092064
212122110050
204134090044
184122084044
254122082044
184122088052
254122092044
184126080044
184122080044
264136082042
216128116042
202122108042
196122094042
202138090044
186148088044
184132102044
254122090044
206130110068
218126112042
180178116044
184140088042
184132082050
180134084050
256130102066
184134084066
230124088052
184122088052
212122088052
202122082050
180122088052
266122082050
230134110066
228120102070
254120080070
198122080070
212128086044
204134112066
250134088066
200138104044
184122088044
230170088044
180178106042
192140106042
184144106042
270120108042
212144080042
204122100066
204124088040
192138080046
190140080046
200140108046
184122090042
250136080048
184122088046
220120088046
198122088066
252134088066
210130090044
188126090042
188126090062
184126080042
206130104062
186120104042
200176080062
226132088062
254126104062
254146104062
272120104042
184146104062
204146104042
194134084042
180126104042
210146104042
188146104042
194120084042
240126104042
204168082042
190138084042
184128080042
184148106042
212148084042
184126084042
268148084042
202122084042
222138082042
180124088040
222124086040
258122086040
212140084052
204142084054
268120090052
218138096044
280122084060
208174088044
218124090044
220166096048
244122092048
238132094048
182178092040
192144100060
184144104060
202164090040
188174108060
226120100058
206128080044
180130094044
198152108044
182126094044
186128096042
180120082044
204126100044
198168086040
238162088040
204122104046
204122092046
204122086044
204122088048
184122112042
246122094044
252122090042
180136094040
268122090044
270122090044
268122090044
282122090044
184122106044
184122090042
184122112042
184122090042
184136082074
196130082044
184124088062
192134088046
186130098046
210138098046
260126080060
206128100046
184128100046
182132080070
216138100046
180138100044
194138100040
190138110040
198158100054
238124104062
208146110062
234128106052
208130110044
252128110044
180130106056
180128108044
186132082068
184130090052
204132090044
184140110042
186122098056
184122112044
184128096044
182132080062
184130116052
182134118054
190132116044
192134118044
180120104074
180120106076
212136090076
212120106076
180120104044
216122080054
216122080054
216120080054
216136118040
216128118040
182122100040
182120100040
184134082040
180154082052
186134082052
200136084052
180130110060
198128118058
188130080060
180130110060
188128080060
204124088052
186132088052
246150088044
184132088052
186140106044
186124114044
200124114044
184134088044
184124080044
186126082044
180120082044
198136084042
200136116052
180148116052
200136116052
188136084052
200134082040
190126082040
184146082040
182136080040
184136082040
184122082040
182152112040
198134082040
180138116052
180148116052
186134082052
238124082040
180144082040
298148100040
254120114040
214120100040
284132112040
180152082040
184144112040
196134082040
180138116052
198136114042
180124082052
234134082042
192134102040
278144102040
228132092040
184154082040
180164082040
186154104052
198134084040
180136116052
180128116052
180148116052
182166114052
182122082040
182122080040
180150110040
182162080040
182152110040
182142112040
296134112040
182122080044
184124080078
220124096044
234150086044
252120090042
248130102044
194156082044
198140082044
198134096044
184126080040
182120084064
180126104040
180126092042
214156090044
186156082044
192156082044
184154080044
184146094044
180138094042
184128106042
184120086042
184128100042
182168080044
214154080044
214156082044
184156080044
180148104044
188124082048
184144080044
180130088052
180128090078
194122104066
190128080064
180154086050
190126080042
182148096042
192122090040
184124100046
184128080046
184124080046
184144086042
232176086042
280152090042
188132080044
184132088046
184128088046
184148082046
246130112044
242120108044
180128112042
246132106044
184132114044
180136094042
182138102044
182130094044
180138106042
184148082044
182130116046
180158118040
180146080040
180144092042
182146080044
184148118044
180144080044
180136092042
184126102042
180130102040
246136108040
180146084042
182154080044
214156082044
186126112044
192126082044
184156082044
184122090044
184120082052
184122102044
182128090044
184122082044
184122080044
184122088056
184142088046
184142088046
184132086046
184128096056
184122080040
192122080040
180122090046
180120080040
184122080060
184122080046
180132090044
192136080044
192122084042
184122084042
184122086064
246150082042
184130086042
248124080044
180134080044
246150080044
192134082044
184156082044
182148082044
184142080044
184152080040
194134080040
180122080040
184138080040
180142082044
180158082044
180156082044
184156082044
182146080044
246122080042
226154084042
180128082042
184120088040
218122080042
184126082044
184132080044
184126082044
184120104044
184126082044
184122084044
184122082044
184124082044
184122082044
184120082042
184122082044
184122082044
184126090044
184122090040
184122090044
182122082044
184120082044
186122086044
184134104044
180134082052
182156082044
186132080044
184122082040
184122082044
184122080052
184122082052
258122080044
184148082044
184128082040
184132084062
184126090046
182128082040
184122090052
184124080042
184148082044
184122090042
184148090040
184134082040
184124090044
184146102044
184128090044
184122084042
184136090044
184136090044
248136090044
182120080040
186122080040
210146114044
184122118040
184122118044
296176088078
280120084078
292128084074
278134088066
298122086076
248122090078
282122088072
296122088068
250122082078
234122092040
184122086078
184122080046
184122090044
250172090046
244156110062
198156114042
264130084066
230164084066
202158100056
202168084070
202142100066
198168100066
202168100068
198168098066
198142102056
198136084056
226136084056
236170112056
236170112068
236142102068
254168084070
202168098068
196136084068
202168084056
234168112056
200134100056
266166084056
222134082068
248138110056
198166082066
232134082066
