212152100040
196152088052
282170088040
214160088052
192130084052
282176116040
224174088040
216138090044
260144080044
216152082054
260146082052
184176112044
212124080048
192126080040
262144084040
180132080040
180166080040
190154080056
232168086064
194168080042
236138082050
236152084050
284150084050
218134100050
218134084066
216134084066
284150082066
286152084064
262168082066
228120080040
268126094066
248126086040
196124082046
222178104046
230120080040
252142082052
206158084056
200132082040
222120090040
210120096040
282120080040
196120088040
262150080040
194170080040
184126112040
188126104070
216164080040
276122084040
180168080040
214124080040
180154080078
248166082040
212134098058
244122082040
228128084040
248132086074
256150110074
254138112066
250130104060
228122094060
192164088066
254130080070
270120090062
200174080040
202164094054
196130082050
198156104046
252132094048
182156084048
272166110040
228174082054
276170080066
290168088066
274176090052
254154084058
190120118048
194156102048
192158080046
192120084070
256120080040
254134094040
264158092066
254172092054
204134082068
298174092040
288170092040
288124080046
180170090060
180120090060
188168118060
188120118050
180120118050
236120080050
198120118040
262120108040
198168082040
202124090046
202120100050
212146100050
190138096046
208122092046
236144092048
262136090048
272142084050
250140086054
264166100056
198140106058
276150080058
278158094046
260134092046
278134094042
278166082040
188138108048
242136116048
198124114046
196158098048
200160102048
188140104044
182138102068
204140080040
260134080078
268136082070
180144080048
256136086048
180142090046
270120108078
266134086048
294134094056
240160118040
240120080040
200130110040
204130086042
206136080040
202162100040
200138108060
200138086062
198140082074
210140080078
200136082072
200134080042
180126118062
202122096070
280122080062
298122090040
294130092040
250126090040
204122088044
202124088044
198126090044
196124080044
196124080070
198126088062
250170080044
186124080062
196134080072
190134080072
186142080070
190142086076
200130080070
248130090060
262130080056
228122106040
204130088058
210132080054
218168096048
216170084042
248174094044
290158092058
262120110040
278142118044
256162092044
260166098044
266140088042
282132080048
194134096074
262130086042
294132116042
292128102068
196126080040
242120090068
202122092050
180120090056
250120088042
192132080074
258134080076
278120098076
188120090040
200120086044
202142082048
200140094046
208134086060
220132100072
200120100060
278122102042
240120090040
184158082062
192120112060
238128088060
196120080056
194132080058
206138088040
202144080078
288144088048
272120090054
202120112060
260128118070
260126116048
192122082060
194124116044
246144106048
180176106070
180168118066
200122088078
194124088052
184124088052
196124088052
196124088054
190128082072
180134088072
204132080070
180134080072
